3333333333333333333333333333333333333333333333333333
3333333333333333333333333333333333333333333333333333
3333333333333333333333333333333333333333333333333333
3333333333333333333333333333333333333333333333333333
3333333333333333333333333333333333333333333333333333
3333333333333333333333333333333333333333333333333333
3333333333333333111111333333333333333333333333331111
3333331111111111222222333331111333333111113333332222
3333332222222222222222444442222444442222224444442222
3333332222222222222222222222222222222222222222222222
3333332222222222222222222222222222222222222222222222
3333333333333333333333333333333333333333333333333333
3333333333333333333333333333333333333333333333333333
3333333333333333333333333333333333333333333333333333
1111111113333333333333333333333333333333333333333333
2222222221111111333333333333333333333333333333333333
2222222222222222333333333333333333333333333333333333
2222222222222222333333333333333333333333333333333333
2222222222222232333333333333333333333111333333333333
2222222222222222333333333333311333333222333333333333
2222222222222222333333333111122444444222333333333333
2222222222222222444444444222222222222232333333333333
3333333333333333333333333333333333333333333333333333
3333333333333333333333333333333333333333333333333333
3333333333333333333333333333333333333333333333333333
3333333333333333333333333333333333333333333333333333
3333333333333333333333333311111333333333333333333333
1111333333333111113333333333333333333311111111111111
2224444444444442224444444444444444444422222222222222
2222222222222222222222222222222222222222222222222222
2222222222222222222222222222222222222222222222222222
2222222222222222222222222222222222222222222222222222
